
['pt', 10, 0, 20, 20, 0]
['pt', 10, 15, 20, 20, 0]
['pt', 10, 30, 20, 20, 0]
['pt', 10, 45, 20, 20, 0]
['pt', 10, 60, 20, 20, 0]
['pt', 10, 75, 20, 20, 0]
['pt', 10, 90, 20, 20, 0]
['pt', 10, 105, 20, 20, 0]
['pt', 10, 180, 20, 20, 0]
['pt', 10, 195, 20, 20, 0]
['pt', 10, 210, 20, 20, 0]
['pt', 10, 225, 20, 20, 0]
['pt', 10, 240, 20, 20, 0]
['pt', 10, 255, 20, 20, 0]
['pt', 10, 270, 20, 20, 0]
['pt', 10, 285, 20, 20, 0]
['pt', 10, 0, 0, 0, 0]
['pt', 10, 15, 0, 0, 0]
['pt', 10, 30, 0, 0, 0]
['pt', 10, 45, 0, 0, 0]
['pt', 10, 60, 0, 0, 0]
['pt', 10, 75, 0, 0, 0]
['pt', 10, 90, 0, 0, 0]
['pt', 10, 105, 0, 0, 0]
['pt', 10, 180, 0, 0, 0]
['pt', 10, 195, 0, 0, 0]
['pt', 10, 210, 0, 0, 0]
['pt', 10, 225, 0, 0, 0]
['pt', 10, 240, 0, 0, 0]
['pt', 10, 255, 0, 0, 0]
['pt', 10, 270, 0, 0, 0]
['pt', 10, 285, 0, 0, 0]
['pt', 10, 0, 0, 0, 0]
['pt', 10, 15, 0, 0, 0]
['pt', 10, 30, 0, 0, 0]
['pt', 10, 45, 0, 0, 0]
['pt', 10, 60, 0, 0, 0]
['pt', 10, 75, 0, 0, 0]
['pt', 10, 90, 0, 0, 0]
['pt', 10, 105, 0, 0, 0]
['pt', 10, 180, 0, 0, 0]
['pt', 10, 195, 0, 0, 0]
['pt', 10, 210, 0, 0, 0]
['pt', 10, 225, 0, 0, 0]
['pt', 10, 240, 0, 0, 0]
['pt', 10, 255, 0, 0, 0]
['pt', 10, 270, 0, 0, 0]
['pt', 10, 285, 0, 0, 0]
['pt', 10, 0, 0, 0, 0]
['pt', 10, 15, 0, 0, 0]
['pt', 10, 30, 0, 0, 0]
['pt', 10, 45, 0, 0, 0]
['pt', 10, 60, 0, 0, 0]
['pt', 10, 75, 0, 0, 0]
['pt', 10, 90, 0, 0, 0]
['pt', 10, 105, 0, 0, 0]
['pt', 10, 180, 0, 0, 0]
['pt', 10, 195, 0, 0, 0]
['pt', 10, 210, 0, 0, 0]
['pt', 10, 225, 0, 0, 0]
['pt', 10, 240, 0, 0, 0]
['pt', 10, 255, 0, 0, 0]
['pt', 10, 270, 0, 0, 0]
['pt', 10, 285, 0, 0, 0]
['pt', 10, 0, 0, 0, 0]
['pt', 10, 15, 0, 0, 0]
['pt', 10, 30, 0, 0, 0]
['pt', 10, 45, 0, 0, 0]
['pt', 10, 60, 0, 0, 0]
['pt', 10, 75, 0, 0, 0]
['pt', 10, 90, 0, 0, 0]
['pt', 10, 105, 0, 0, 0]
['pt', 10, 180, 0, 0, 0]
['pt', 10, 195, 0, 0, 0]
['pt', 10, 210, 0, 0, 0]
['pt', 10, 225, 0, 0, 0]
['pt', 10, 240, 0, 0, 0]
['pt', 10, 255, 0, 0, 0]
['pt', 10, 270, 0, 0, 0]
['pt', 10, 285, 0, 0, 0]
['pt', 10, 0, 20, 20, 0]