
['pt', 11, 0, 20, 20, 0]
['pt', 11, 15, 20, 20, 0]
['pt', 11, 30, 20, 20, 0, 'Y', 21]
['pt', 11, 45, 20, 20, 0]
['pt', 11, 60, 20, 20, 0]
['pt', 11, 75, 20, 20, 0]
['pt', 11, 90, 20, 20, 0]
['pt', 11, 105, 20, 20, 0]
['pt', 11, 180, 20, 20, 0]
['pt', 11, 195, 20, 20, 0]
['pt', 11, 210, 20, 20, 0, 'Y', 20]
['pt', 11, 225, 20, 20, 0]
['pt', 11, 240, 20, 20, 0]
['pt', 11, 255, 20, 20, 0]
['pt', 11, 270, 20, 20, 0]
['pt', 11, 285, 20, 19, 1]
['pt', 11, 0, 0, 0, 0]
['pt', 11, 15, 0, 0, 0]
['pt', 11, 30, 0, 0, 0]
['pt', 11, 45, 0, 0, 0]
['pt', 11, 60, 0, 0, 0]
['pt', 11, 75, 0, 0, 0]
['pt', 11, 90, 0, 0, 0]
['pt', 11, 105, 0, 0, 0]
['pt', 11, 180, 0, 0, 0]
['pt', 11, 195, 0, 0, 0]
['pt', 11, 210, 0, 0, 0]
['pt', 11, 225, 0, 0, 0]
['pt', 11, 240, 0, 0, 0]
['pt', 11, 255, 0, 0, 0]
['pt', 11, 270, 0, 0, 0]
['pt', 11, 285, 0, 0, 0]
['pt', 11, 0, 0, 0, 0]
['pt', 11, 15, 0, 0, 0]
['pt', 11, 30, 0, 0, 0]
['pt', 11, 45, 0, 0, 0]
['pt', 11, 60, 0, 0, 0]
['pt', 11, 75, 0, 0, 0]
['pt', 11, 90, 0, 0, 0]
['pt', 11, 105, 0, 0, 0]
['pt', 11, 180, 0, 0, 0]
['pt', 11, 195, 0, 0, 0]
['pt', 11, 210, 0, 0, 0]
['pt', 11, 225, 0, 0, 0]
['pt', 11, 240, 0, 0, 0]
['pt', 11, 255, 0, 0, 0]
['pt', 11, 270, 0, 0, 0]
['pt', 11, 285, 0, 0, 0]
['pt', 11, 0, 0, 0, 0]
['pt', 11, 15, 0, 0, 0]
['pt', 11, 30, 0, 0, 0]
['pt', 11, 45, 0, 0, 0]
['pt', 11, 60, 0, 0, 0]
['pt', 11, 75, 0, 0, 0]
['pt', 11, 90, 0, 0, 0]
['pt', 11, 105, 0, 0, 0]
['pt', 11, 180, 0, 0, 0]
['pt', 11, 195, 0, 0, 0]
['pt', 11, 210, 0, 0, 0]
['pt', 11, 225, 0, 0, 0]
['pt', 11, 240, 0, 0, 0]
['pt', 11, 255, 0, 0, 0]
['pt', 11, 270, 0, 0, 0]
['pt', 11, 285, 0, 0, 0]
['pt', 11, 0, 0, 0, 0]
['pt', 11, 15, 0, 0, 0]
['pt', 11, 30, 0, 0, 0]
['pt', 11, 45, 0, 0, 0]
['pt', 11, 60, 0, 0, 0]
['pt', 11, 75, 0, 0, 0]
['pt', 11, 90, 0, 0, 0]
['pt', 11, 105, 0, 0, 0]
['pt', 11, 180, 0, 0, 0]
['pt', 11, 195, 0, 0, 0]
['pt', 11, 210, 0, 0, 0]
['pt', 11, 225, 0, 0, 0]
['pt', 11, 240, 0, 0, 0]
['pt', 11, 255, 0, 0, 0]
['pt', 11, 270, 0, 0, 0]
['pt', 11, 285, 0, 0, 0]
['pt', 11, 0, 20, 20, 0]