
['pt', 12, 0, 20, 20, 0]
['pt', 12, 15, 20, 20, 0]
['pt', 12, 30, 20, 20, 0, 'Y', 20]
['pt', 12, 45, 20, 20, 0]
['pt', 12, 60, 20, 20, 0]
['pt', 12, 75, 20, 20, 0]
['pt', 12, 90, 20, 20, 0]
['pt', 12, 105, 20, 18, 2]
['pt', 12, 180, 20, 20, 0]
['pt', 12, 195, 20, 20, 0]
['pt', 12, 210, 20, 20, 0, 'Y', 20]
['pt', 12, 225, 20, 20, 0]
['pt', 12, 240, 20, 20, 0]
['pt', 12, 255, 20, 20, 0]
['pt', 12, 270, 20, 20, 0]
['pt', 12, 285, 20, 20, 0]
['pt', 12, 0, 0, 0, 0]
['pt', 12, 15, 0, 0, 0]
['pt', 12, 30, 0, 0, 0]
['pt', 12, 45, 0, 0, 0]
['pt', 12, 60, 0, 0, 0]
['pt', 12, 75, 0, 0, 0]
['pt', 12, 90, 0, 0, 0]
['pt', 12, 105, 0, 0, 0]
['pt', 12, 180, 0, 0, 0]
['pt', 12, 195, 0, 0, 0]
['pt', 12, 210, 0, 0, 0]
['pt', 12, 225, 0, 0, 0]
['pt', 12, 240, 0, 0, 0]
['pt', 12, 255, 0, 0, 0]
['pt', 12, 270, 0, 0, 0]
['pt', 12, 285, 0, 0, 0]
['pt', 12, 0, 0, 0, 0]
['pt', 12, 15, 0, 0, 0]
['pt', 12, 30, 0, 0, 0]
['pt', 12, 45, 0, 0, 0]
['pt', 12, 60, 0, 0, 0]
['pt', 12, 75, 0, 0, 0]
['pt', 12, 90, 0, 0, 0]
['pt', 12, 105, 0, 0, 0]
['pt', 12, 180, 0, 0, 0]
['pt', 12, 195, 0, 0, 0]
['pt', 12, 210, 0, 0, 0]
['pt', 12, 225, 0, 0, 0]
['pt', 12, 240, 0, 0, 0]
['pt', 12, 255, 0, 0, 0]
['pt', 12, 270, 0, 0, 0]
['pt', 12, 285, 0, 0, 0]
['pt', 12, 0, 0, 0, 0]
['pt', 12, 15, 0, 0, 0]
['pt', 12, 30, 0, 0, 0]
['pt', 12, 45, 0, 0, 0]
['pt', 12, 60, 0, 0, 0]
['pt', 12, 75, 0, 0, 0]
['pt', 12, 90, 0, 0, 0]
['pt', 12, 105, 0, 0, 0]
['pt', 12, 180, 0, 0, 0]
['pt', 12, 195, 0, 0, 0]
['pt', 12, 210, 0, 0, 0]
['pt', 12, 225, 0, 0, 0]
['pt', 12, 240, 0, 0, 0]
['pt', 12, 255, 0, 0, 0]
['pt', 12, 270, 0, 0, 0]
['pt', 12, 285, 0, 0, 0]
['pt', 12, 0, 0, 0, 0]
['pt', 12, 15, 0, 0, 0]
['pt', 12, 30, 0, 0, 0]
['pt', 12, 45, 0, 0, 0]
['pt', 12, 60, 0, 0, 0]
['pt', 12, 75, 0, 0, 0]
['pt', 12, 90, 0, 0, 0]
['pt', 12, 105, 0, 0, 0]
['pt', 12, 180, 0, 0, 0]
['pt', 12, 195, 0, 0, 0]
['pt', 12, 210, 0, 0, 0]
['pt', 12, 225, 0, 0, 0]
['pt', 12, 240, 0, 0, 0]
['pt', 12, 255, 0, 0, 0]
['pt', 12, 270, 0, 0, 0]
['pt', 12, 285, 0, 0, 0]
['pt', 12, 0, 20, 20, 0]