
['pt', 13, 0, 20, 20, 0]
['pt', 13, 15, 20, 20, 0]
['pt', 13, 30, 20, 20, 0]
['pt', 13, 45, 20, 19, 1]
['pt', 13, 60, 20, 20, 0]
['pt', 13, 75, 20, 20, 0]
['pt', 13, 90, 20, 20, 0]
['pt', 13, 105, 20, 19, 1]
['pt', 13, 180, 20, 20, 0]
['pt', 13, 195, 20, 20, 0]
['pt', 13, 210, 20, 20, 0]
['pt', 13, 225, 20, 20, 0]
['pt', 13, 240, 20, 20, 0]
['pt', 13, 255, 20, 20, 0]
['pt', 13, 270, 20, 20, 0]
['pt', 13, 285, 20, 19, 1]
['pt', 13, 0, 0, 0, 0]
['pt', 13, 15, 0, 0, 0]
['pt', 13, 30, 0, 0, 0]
['pt', 13, 45, 0, 0, 0]
['pt', 13, 60, 0, 0, 0]
['pt', 13, 75, 0, 0, 0]
['pt', 13, 90, 0, 0, 0]
['pt', 13, 105, 0, 0, 0]
['pt', 13, 180, 0, 0, 0]
['pt', 13, 195, 0, 0, 0]
['pt', 13, 210, 0, 0, 0]
['pt', 13, 225, 0, 0, 0]
['pt', 13, 240, 0, 0, 0]
['pt', 13, 255, 0, 0, 0]
['pt', 13, 270, 0, 0, 0]
['pt', 13, 285, 0, 0, 0]
['pt', 13, 0, 0, 0, 0]
['pt', 13, 15, 0, 0, 0]
['pt', 13, 30, 0, 0, 0]
['pt', 13, 45, 0, 0, 0]
['pt', 13, 60, 0, 0, 0]
['pt', 13, 75, 0, 0, 0]
['pt', 13, 90, 0, 0, 0]
['pt', 13, 105, 0, 0, 0]
['pt', 13, 180, 0, 0, 0]
['pt', 13, 195, 0, 0, 0]
['pt', 13, 210, 0, 0, 0]
['pt', 13, 225, 0, 0, 0]
['pt', 13, 240, 0, 0, 0]
['pt', 13, 255, 0, 0, 0]
['pt', 13, 270, 0, 0, 0]
['pt', 13, 285, 0, 0, 0]
['pt', 13, 0, 0, 0, 0]
['pt', 13, 15, 0, 0, 0]
['pt', 13, 30, 0, 0, 0]
['pt', 13, 45, 0, 0, 0]
['pt', 13, 60, 0, 0, 0]
['pt', 13, 75, 0, 0, 0]
['pt', 13, 90, 0, 0, 0]
['pt', 13, 105, 0, 0, 0]
['pt', 13, 180, 0, 0, 0]
['pt', 13, 195, 0, 0, 0]
['pt', 13, 210, 0, 0, 0]
['pt', 13, 225, 0, 0, 0]
['pt', 13, 240, 0, 0, 0]
['pt', 13, 255, 0, 0, 0]
['pt', 13, 270, 0, 0, 0]
['pt', 13, 285, 0, 0, 0]
['pt', 13, 0, 0, 0, 0]
['pt', 13, 15, 0, 0, 0]
['pt', 13, 30, 0, 0, 0]
['pt', 13, 45, 0, 0, 0]
['pt', 13, 60, 0, 0, 0]
['pt', 13, 75, 0, 0, 0]
['pt', 13, 90, 0, 0, 0]
['pt', 13, 105, 0, 0, 0]
['pt', 13, 180, 0, 0, 0]
['pt', 13, 195, 0, 0, 0]
['pt', 13, 210, 0, 0, 0]
['pt', 13, 225, 0, 0, 0]
['pt', 13, 240, 0, 0, 0]
['pt', 13, 255, 0, 0, 0]
['pt', 13, 270, 0, 0, 0]
['pt', 13, 285, 0, 0, 0]
['pt', 13, 0, 20, 20, 0]