
['pt', 14, 0, 20, 20, 0]
['pt', 14, 15, 20, 20, 0]
['pt', 14, 30, 20, 20, 0]
['pt', 14, 45, 20, 20, 0]
['pt', 14, 60, 20, 20, 0]
['pt', 14, 75, 20, 20, 0]
['pt', 14, 90, 20, 20, 0]
['pt', 14, 105, 20, 20, 0]
['pt', 14, 180, 20, 20, 0]
['pt', 14, 195, 20, 20, 0]
['pt', 14, 210, 20, 20, 0]
['pt', 14, 225, 20, 20, 0]
['pt', 14, 240, 20, 20, 0]
['pt', 14, 255, 20, 20, 0]
['pt', 14, 270, 20, 20, 0]
['pt', 14, 285, 20, 20, 0]
['pt', 14, 0, 0, 0, 0]
['pt', 14, 15, 0, 0, 0]
['pt', 14, 30, 0, 0, 0]
['pt', 14, 45, 0, 0, 0]
['pt', 14, 60, 0, 0, 0]
['pt', 14, 75, 0, 0, 0]
['pt', 14, 90, 0, 0, 0]
['pt', 14, 105, 0, 0, 0]
['pt', 14, 180, 0, 0, 0]
['pt', 14, 195, 0, 0, 0]
['pt', 14, 210, 0, 0, 0]
['pt', 14, 225, 0, 0, 0]
['pt', 14, 240, 0, 0, 0]
['pt', 14, 255, 0, 0, 0]
['pt', 14, 270, 0, 0, 0]
['pt', 14, 285, 0, 0, 0]
['pt', 14, 0, 0, 0, 0]
['pt', 14, 15, 0, 0, 0]
['pt', 14, 30, 0, 0, 0]
['pt', 14, 45, 0, 0, 0]
['pt', 14, 60, 0, 0, 0]
['pt', 14, 75, 0, 0, 0]
['pt', 14, 90, 0, 0, 0]
['pt', 14, 105, 0, 0, 0]
['pt', 14, 180, 0, 0, 0]
['pt', 14, 195, 0, 0, 0]
['pt', 14, 210, 0, 0, 0]
['pt', 14, 225, 0, 0, 0]
['pt', 14, 240, 0, 0, 0]
['pt', 14, 255, 0, 0, 0]
['pt', 14, 270, 0, 0, 0]
['pt', 14, 285, 0, 0, 0]
['pt', 14, 0, 0, 0, 0]
['pt', 14, 15, 0, 0, 0]
['pt', 14, 30, 0, 0, 0]
['pt', 14, 45, 0, 0, 0]
['pt', 14, 60, 0, 0, 0]
['pt', 14, 75, 0, 0, 0]
['pt', 14, 90, 0, 0, 0]
['pt', 14, 105, 0, 0, 0]
['pt', 14, 180, 0, 0, 0]
['pt', 14, 195, 0, 0, 0]
['pt', 14, 210, 0, 0, 0]
['pt', 14, 225, 0, 0, 0]
['pt', 14, 240, 0, 0, 0]
['pt', 14, 255, 0, 0, 0]
['pt', 14, 270, 0, 0, 0]
['pt', 14, 285, 0, 0, 0]
['pt', 14, 0, 0, 0, 0]
['pt', 14, 15, 0, 0, 0]
['pt', 14, 30, 0, 0, 0]
['pt', 14, 45, 0, 0, 0]
['pt', 14, 60, 0, 0, 0]
['pt', 14, 75, 0, 0, 0]
['pt', 14, 90, 0, 0, 0]
['pt', 14, 105, 0, 0, 0]
['pt', 14, 180, 0, 0, 0]
['pt', 14, 195, 0, 0, 0]
['pt', 14, 210, 0, 0, 0]
['pt', 14, 225, 0, 0, 0]
['pt', 14, 240, 0, 0, 0]
['pt', 14, 255, 0, 0, 0]
['pt', 14, 270, 0, 0, 0]
['pt', 14, 285, 0, 0, 0]
['pt', 14, 0, 20, 20, 0]