
['pt', 15, 0, 20, 20, 0]
['pt', 15, 15, 20, 20, 0]
['pt', 15, 30, 20, 19, 1]
['pt', 15, 45, 20, 19, 1]
['pt', 15, 60, 20, 20, 0]
['pt', 15, 75, 20, 20, 0]
['pt', 15, 90, 20, 20, 0]
['pt', 15, 105, 20, 19, 1]
['pt', 15, 180, 20, 20, 0]
['pt', 15, 195, 20, 20, 0]
['pt', 15, 210, 20, 20, 0]
['pt', 15, 225, 20, 20, 0]
['pt', 15, 240, 20, 20, 0]
['pt', 15, 255, 20, 20, 0]
['pt', 15, 270, 20, 20, 0]
['pt', 15, 285, 20, 20, 0]
['pt', 15, 0, 0, 0, 0]
['pt', 15, 15, 0, 0, 0]
['pt', 15, 30, 0, 0, 0]
['pt', 15, 45, 0, 0, 0]
['pt', 15, 60, 0, 0, 0]
['pt', 15, 75, 0, 0, 0]
['pt', 15, 90, 0, 0, 0]
['pt', 15, 105, 0, 0, 0]
['pt', 15, 180, 0, 0, 0]
['pt', 15, 195, 0, 0, 0]
['pt', 15, 210, 0, 0, 0]
['pt', 15, 225, 0, 0, 0]
['pt', 15, 240, 0, 0, 0]
['pt', 15, 255, 0, 0, 0]
['pt', 15, 270, 0, 0, 0]
['pt', 15, 285, 0, 0, 0]
['pt', 15, 0, 0, 0, 0]
['pt', 15, 15, 0, 0, 0]
['pt', 15, 30, 0, 0, 0]
['pt', 15, 45, 0, 0, 0]
['pt', 15, 60, 0, 0, 0]
['pt', 15, 75, 0, 0, 0]
['pt', 15, 90, 0, 0, 0]
['pt', 15, 105, 0, 0, 0]
['pt', 15, 180, 0, 0, 0]
['pt', 15, 195, 0, 0, 0]
['pt', 15, 210, 0, 0, 0]
['pt', 15, 225, 0, 0, 0]
['pt', 15, 240, 0, 0, 0]
['pt', 15, 255, 0, 0, 0]
['pt', 15, 270, 0, 0, 0]
['pt', 15, 285, 0, 0, 0]
['pt', 15, 0, 0, 0, 0]
['pt', 15, 15, 0, 0, 0]
['pt', 15, 30, 0, 0, 0]
['pt', 15, 45, 0, 0, 0]
['pt', 15, 60, 0, 0, 0]
['pt', 15, 75, 0, 0, 0]
['pt', 15, 90, 0, 0, 0]
['pt', 15, 105, 0, 0, 0]
['pt', 15, 180, 0, 0, 0]
['pt', 15, 195, 0, 0, 0]
['pt', 15, 210, 0, 0, 0]
['pt', 15, 225, 0, 0, 0]
['pt', 15, 240, 0, 0, 0]
['pt', 15, 255, 0, 0, 0]
['pt', 15, 270, 0, 0, 0]
['pt', 15, 285, 0, 0, 0]
['pt', 15, 0, 0, 0, 0]
['pt', 15, 15, 0, 0, 0]
['pt', 15, 30, 0, 0, 0]
['pt', 15, 45, 0, 0, 0]
['pt', 15, 60, 0, 0, 0]
['pt', 15, 75, 0, 0, 0]
['pt', 15, 90, 0, 0, 0]
['pt', 15, 105, 0, 0, 0]
['pt', 15, 180, 0, 0, 0]
['pt', 15, 195, 0, 0, 0]
['pt', 15, 210, 0, 0, 0]
['pt', 15, 225, 0, 0, 0]
['pt', 15, 240, 0, 0, 0]
['pt', 15, 255, 0, 0, 0]
['pt', 15, 270, 0, 0, 0]
['pt', 15, 285, 0, 0, 0]
['pt', 15, 0, 20, 20, 0]