
['pt', 16, 0, 20, 20, 0]
['pt', 16, 15, 20, 20, 0]
['pt', 16, 30, 20, 20, 0, 'Y', 9]
['pt', 16, 45, 20, 20, 0]
['pt', 16, 60, 20, 20, 0]
['pt', 16, 75, 20, 20, 0]
['pt', 16, 90, 20, 20, 0]
['pt', 16, 105, 20, 20, 0]
['pt', 16, 180, 20, 20, 0]
['pt', 16, 195, 20, 20, 0]
['pt', 16, 210, 20, 20, 0, 'Y', 8]
['pt', 16, 225, 20, 20, 0]
['pt', 16, 240, 20, 20, 0]
['pt', 16, 255, 20, 19, 1]
['pt', 16, 270, 20, 20, 0]
['pt', 16, 285, 20, 20, 0]
['pt', 16, 0, 0, 0, 0]
['pt', 16, 15, 0, 0, 0]
['pt', 16, 30, 0, 0, 0]
['pt', 16, 45, 0, 0, 0]
['pt', 16, 60, 0, 0, 0]
['pt', 16, 75, 0, 0, 0]
['pt', 16, 90, 0, 0, 0]
['pt', 16, 105, 0, 0, 0]
['pt', 16, 180, 0, 0, 0]
['pt', 16, 195, 0, 0, 0]
['pt', 16, 210, 0, 0, 0]
['pt', 16, 225, 0, 0, 0]
['pt', 16, 240, 0, 0, 0]
['pt', 16, 255, 0, 0, 0]
['pt', 16, 270, 0, 0, 0]
['pt', 16, 285, 0, 0, 0]
['pt', 16, 0, 0, 0, 0]
['pt', 16, 15, 0, 0, 0]
['pt', 16, 30, 0, 0, 0]
['pt', 16, 45, 0, 0, 0]
['pt', 16, 60, 0, 0, 0]
['pt', 16, 75, 0, 0, 0]
['pt', 16, 90, 0, 0, 0]
['pt', 16, 105, 0, 0, 0]
['pt', 16, 180, 0, 0, 0]
['pt', 16, 195, 0, 0, 0]
['pt', 16, 210, 0, 0, 0]
['pt', 16, 225, 0, 0, 0]
['pt', 16, 240, 0, 0, 0]
['pt', 16, 255, 0, 0, 0]
['pt', 16, 270, 0, 0, 0]
['pt', 16, 285, 0, 0, 0]
['pt', 16, 0, 0, 0, 0]
['pt', 16, 15, 0, 0, 0]
['pt', 16, 30, 0, 0, 0]
['pt', 16, 45, 0, 0, 0]
['pt', 16, 60, 0, 0, 0]
['pt', 16, 75, 0, 0, 0]
['pt', 16, 90, 0, 0, 0]
['pt', 16, 105, 0, 0, 0]
['pt', 16, 180, 0, 0, 0]
['pt', 16, 195, 0, 0, 0]
['pt', 16, 210, 0, 0, 0]
['pt', 16, 225, 0, 0, 0]
['pt', 16, 240, 0, 0, 0]
['pt', 16, 255, 0, 0, 0]
['pt', 16, 270, 0, 0, 0]
['pt', 16, 285, 0, 0, 0]
['pt', 16, 0, 0, 0, 0]
['pt', 16, 15, 0, 0, 0]
['pt', 16, 30, 0, 0, 0]
['pt', 16, 45, 0, 0, 0]
['pt', 16, 60, 0, 0, 0]
['pt', 16, 75, 0, 0, 0]
['pt', 16, 90, 0, 0, 0]
['pt', 16, 105, 0, 0, 0]
['pt', 16, 180, 0, 0, 0]
['pt', 16, 195, 0, 0, 0]
['pt', 16, 210, 0, 0, 0]
['pt', 16, 225, 0, 0, 0]
['pt', 16, 240, 0, 0, 0]
['pt', 16, 255, 0, 0, 0]
['pt', 16, 270, 0, 0, 0]
['pt', 16, 285, 0, 0, 0]
['pt', 16, 0, 20, 20, 0]