
['pt', 17, 0, 20, 20, 0]
['pt', 17, 15, 20, 20, 0]
['pt', 17, 30, 20, 20, 0]
['pt', 17, 45, 20, 20, 0]
['pt', 17, 60, 20, 16, 4]
['pt', 17, 75, 20, 20, 0]
['pt', 17, 90, 20, 20, 0]
['pt', 17, 105, 20, 20, 0]
['pt', 17, 180, 20, 20, 0]
['pt', 17, 195, 20, 20, 0]
['pt', 17, 210, 20, 20, 0]
['pt', 17, 225, 20, 20, 0]
['pt', 17, 240, 20, 18, 2]
['pt', 17, 255, 20, 20, 0]
['pt', 17, 270, 20, 20, 0]
['pt', 17, 285, 20, 20, 0]
['pt', 17, 0, 0, 0, 0]
['pt', 17, 15, 0, 0, 0]
['pt', 17, 30, 0, 0, 0]
['pt', 17, 45, 0, 0, 0]
['pt', 17, 60, 0, 0, 0]
['pt', 17, 75, 0, 0, 0]
['pt', 17, 90, 0, 0, 0]
['pt', 17, 105, 0, 0, 0]
['pt', 17, 180, 0, 0, 0]
['pt', 17, 195, 0, 0, 0]
['pt', 17, 210, 0, 0, 0]
['pt', 17, 225, 0, 0, 0]
['pt', 17, 240, 0, 0, 0]
['pt', 17, 255, 0, 0, 0]
['pt', 17, 270, 0, 0, 0]
['pt', 17, 285, 0, 0, 0]
['pt', 17, 0, 0, 0, 0]
['pt', 17, 15, 0, 0, 0]
['pt', 17, 30, 0, 0, 0]
['pt', 17, 45, 0, 0, 0]
['pt', 17, 60, 0, 0, 0]
['pt', 17, 75, 0, 0, 0]
['pt', 17, 90, 0, 0, 0]
['pt', 17, 105, 0, 0, 0]
['pt', 17, 180, 0, 0, 0]
['pt', 17, 195, 0, 0, 0]
['pt', 17, 210, 0, 0, 0]
['pt', 17, 225, 0, 0, 0]
['pt', 17, 240, 0, 0, 0]
['pt', 17, 255, 0, 0, 0]
['pt', 17, 270, 0, 0, 0]
['pt', 17, 285, 0, 0, 0]
['pt', 17, 0, 0, 0, 0]
['pt', 17, 15, 0, 0, 0]
['pt', 17, 30, 0, 0, 0]
['pt', 17, 45, 0, 0, 0]
['pt', 17, 60, 0, 0, 0]
['pt', 17, 75, 0, 0, 0]
['pt', 17, 90, 0, 0, 0]
['pt', 17, 105, 0, 0, 0]
['pt', 17, 180, 0, 0, 0]
['pt', 17, 195, 0, 0, 0]
['pt', 17, 210, 0, 0, 0]
['pt', 17, 225, 0, 0, 0]
['pt', 17, 240, 0, 0, 0]
['pt', 17, 255, 0, 0, 0]
['pt', 17, 270, 0, 0, 0]
['pt', 17, 285, 0, 0, 0]
['pt', 17, 0, 0, 0, 0]
['pt', 17, 15, 0, 0, 0]
['pt', 17, 30, 0, 0, 0]
['pt', 17, 45, 0, 0, 0]
['pt', 17, 60, 0, 0, 0]
['pt', 17, 75, 0, 0, 0]
['pt', 17, 90, 0, 0, 0]
['pt', 17, 105, 0, 0, 0]
['pt', 17, 180, 0, 0, 0]
['pt', 17, 195, 0, 0, 0]
['pt', 17, 210, 0, 0, 0]
['pt', 17, 225, 0, 0, 0]
['pt', 17, 240, 0, 0, 0]
['pt', 17, 255, 0, 0, 0]
['pt', 17, 270, 0, 0, 0]
['pt', 17, 285, 0, 0, 0]
['pt', 17, 0, 20, 20, 0]