
['pt', 18, 0, 20, 20, 0]
['pt', 18, 15, 20, 20, 0]
['pt', 18, 30, 20, 20, 0]
['pt', 18, 45, 20, 20, 0]
['pt', 18, 60, 20, 20, 0]
['pt', 18, 75, 20, 20, 0]
['pt', 18, 90, 20, 20, 0]
['pt', 18, 105, 20, 20, 0]
['pt', 18, 180, 20, 20, 0]
['pt', 18, 195, 20, 20, 0]
['pt', 18, 210, 20, 20, 0]
['pt', 18, 225, 20, 20, 0]
['pt', 18, 240, 20, 20, 0]
['pt', 18, 255, 20, 20, 0]
['pt', 18, 270, 20, 20, 0]
['pt', 18, 285, 20, 20, 0]
['pt', 18, 0, 0, 0, 0]
['pt', 18, 15, 0, 0, 0]
['pt', 18, 30, 0, 0, 0]
['pt', 18, 45, 0, 0, 0]
['pt', 18, 60, 0, 0, 0]
['pt', 18, 75, 0, 0, 0]
['pt', 18, 90, 0, 0, 0]
['pt', 18, 105, 0, 0, 0]
['pt', 18, 180, 0, 0, 0]
['pt', 18, 195, 0, 0, 0]
['pt', 18, 210, 0, 0, 0]
['pt', 18, 225, 0, 0, 0]
['pt', 18, 240, 0, 0, 0]
['pt', 18, 255, 0, 0, 0]
['pt', 18, 270, 0, 0, 0]
['pt', 18, 285, 0, 0, 0]
['pt', 18, 0, 0, 0, 0]
['pt', 18, 15, 0, 0, 0]
['pt', 18, 30, 0, 0, 0]
['pt', 18, 45, 0, 0, 0]
['pt', 18, 60, 0, 0, 0]
['pt', 18, 75, 0, 0, 0]
['pt', 18, 90, 0, 0, 0]
['pt', 18, 105, 0, 0, 0]
['pt', 18, 180, 0, 0, 0]
['pt', 18, 195, 0, 0, 0]
['pt', 18, 210, 0, 0, 0]
['pt', 18, 225, 0, 0, 0]
['pt', 18, 240, 0, 0, 0]
['pt', 18, 255, 0, 0, 0]
['pt', 18, 270, 0, 0, 0]
['pt', 18, 285, 0, 0, 0]
['pt', 18, 0, 0, 0, 0]
['pt', 18, 15, 0, 0, 0]
['pt', 18, 30, 0, 0, 0]
['pt', 18, 45, 0, 0, 0]
['pt', 18, 60, 0, 0, 0]
['pt', 18, 75, 0, 0, 0]
['pt', 18, 90, 0, 0, 0]
['pt', 18, 105, 0, 0, 0]
['pt', 18, 180, 0, 0, 0]
['pt', 18, 195, 0, 0, 0]
['pt', 18, 210, 0, 0, 0]
['pt', 18, 225, 0, 0, 0]
['pt', 18, 240, 0, 0, 0]
['pt', 18, 255, 0, 0, 0]
['pt', 18, 270, 0, 0, 0]
['pt', 18, 285, 0, 0, 0]
['pt', 18, 0, 0, 0, 0]
['pt', 18, 15, 0, 0, 0]
['pt', 18, 30, 0, 0, 0]
['pt', 18, 45, 0, 0, 0]
['pt', 18, 60, 0, 0, 0]
['pt', 18, 75, 0, 0, 0]
['pt', 18, 90, 0, 0, 0]
['pt', 18, 105, 0, 0, 0]
['pt', 18, 180, 0, 0, 0]
['pt', 18, 195, 0, 0, 0]
['pt', 18, 210, 0, 0, 0]
['pt', 18, 225, 0, 0, 0]
['pt', 18, 240, 0, 0, 0]
['pt', 18, 255, 0, 0, 0]
['pt', 18, 270, 0, 0, 0]
['pt', 18, 285, 0, 0, 0]
['pt', 18, 0, 20, 20, 0]