
['pt', 19, 0, 20, 20, 0]
['pt', 19, 15, 20, 20, 0]
['pt', 19, 30, 20, 20, 0]
['pt', 19, 45, 20, 20, 0]
['pt', 19, 60, 20, 20, 0]
['pt', 19, 75, 20, 20, 0]
['pt', 19, 90, 20, 20, 0]
['pt', 19, 105, 20, 20, 0]
['pt', 19, 180, 20, 19, 1]
['pt', 19, 195, 20, 20, 0]
['pt', 19, 210, 20, 20, 0]
['pt', 19, 225, 20, 20, 0]
['pt', 19, 240, 20, 20, 0]
['pt', 19, 255, 20, 20, 0]
['pt', 19, 270, 20, 20, 0]
['pt', 19, 285, 20, 20, 0]
['pt', 19, 0, 0, 0, 0]
['pt', 19, 15, 0, 0, 0]
['pt', 19, 30, 0, 0, 0]
['pt', 19, 45, 0, 0, 0]
['pt', 19, 60, 0, 0, 0]
['pt', 19, 75, 0, 0, 0]
['pt', 19, 90, 0, 0, 0]
['pt', 19, 105, 0, 0, 0]
['pt', 19, 180, 0, 0, 0]
['pt', 19, 195, 0, 0, 0]
['pt', 19, 210, 0, 0, 0]
['pt', 19, 225, 0, 0, 0]
['pt', 19, 240, 0, 0, 0]
['pt', 19, 255, 0, 0, 0]
['pt', 19, 270, 0, 0, 0]
['pt', 19, 285, 0, 0, 0]
['pt', 19, 0, 0, 0, 0]
['pt', 19, 15, 0, 0, 0]
['pt', 19, 30, 0, 0, 0]
['pt', 19, 45, 0, 0, 0]
['pt', 19, 60, 0, 0, 0]
['pt', 19, 75, 0, 0, 0]
['pt', 19, 90, 0, 0, 0]
['pt', 19, 105, 0, 0, 0]
['pt', 19, 180, 0, 0, 0]
['pt', 19, 195, 0, 0, 0]
['pt', 19, 210, 0, 0, 0]
['pt', 19, 225, 0, 0, 0]
['pt', 19, 240, 0, 0, 0]
['pt', 19, 255, 0, 0, 0]
['pt', 19, 270, 0, 0, 0]
['pt', 19, 285, 0, 0, 0]
['pt', 19, 0, 0, 0, 0]
['pt', 19, 15, 0, 0, 0]
['pt', 19, 30, 0, 0, 0]
['pt', 19, 45, 0, 0, 0]
['pt', 19, 60, 0, 0, 0]
['pt', 19, 75, 0, 0, 0]
['pt', 19, 90, 0, 0, 0]
['pt', 19, 105, 0, 0, 0]
['pt', 19, 180, 0, 0, 0]
['pt', 19, 195, 0, 0, 0]
['pt', 19, 210, 0, 0, 0]
['pt', 19, 225, 0, 0, 0]
['pt', 19, 240, 0, 0, 0]
['pt', 19, 255, 0, 0, 0]
['pt', 19, 270, 0, 0, 0]
['pt', 19, 285, 0, 0, 0]
['pt', 19, 0, 0, 0, 0]
['pt', 19, 15, 0, 0, 0]
['pt', 19, 30, 0, 0, 0]
['pt', 19, 45, 0, 0, 0]
['pt', 19, 60, 0, 0, 0]
['pt', 19, 75, 0, 0, 0]
['pt', 19, 90, 0, 0, 0]
['pt', 19, 105, 0, 0, 0]
['pt', 19, 180, 0, 0, 0]
['pt', 19, 195, 0, 0, 0]
['pt', 19, 210, 0, 0, 0]
['pt', 19, 225, 0, 0, 0]
['pt', 19, 240, 0, 0, 0]
['pt', 19, 255, 0, 0, 0]
['pt', 19, 270, 0, 0, 0]
['pt', 19, 285, 0, 0, 0]
['pt', 19, 0, 20, 20, 0]