
['pt', 1, 0, 20, 20, 0]
['pt', 1, 0, 20, 20, 0]
['pt', 1, 0, 20, 20, 0]
['pt', 1, 15, 20, 20, 0]
['pt', 1, 0, 20, 20, 0]
['pt', 1, 15, 20, 20, 0]
['pt', 1, 0, 0, 0, 0]
['pt', 1, 15, 0, 0, 0]
['pt', 1, 30, 0, 0, 0]
['pt', 1, 45, 0, 0, 0]
['pt', 1, 60, 0, 0, 0]
['pt', 1, 75, 0, 0, 0]
['pt', 1, 90, 0, 0, 0]
['pt', 1, 105, 0, 0, 0]
['pt', 1, 180, 0, 0, 0]
['pt', 1, 195, 0, 0, 0]
['pt', 1, 210, 0, 0, 0]
['pt', 1, 225, 0, 0, 0]
['pt', 1, 240, 0, 0, 0]
['pt', 1, 255, 0, 0, 0]
['pt', 1, 270, 0, 0, 0]
['pt', 1, 285, 0, 0, 0]
['pt', 1, 0, 0, 0, 0]
['pt', 1, 15, 0, 0, 0]
['pt', 1, 30, 0, 0, 0]
['pt', 1, 45, 0, 0, 0]
['pt', 1, 60, 0, 0, 0]
['pt', 1, 75, 0, 0, 0]
['pt', 1, 90, 0, 0, 0]
['pt', 1, 105, 0, 0, 0]
['pt', 1, 180, 0, 0, 0]
['pt', 1, 195, 0, 0, 0]
['pt', 1, 210, 0, 0, 0]
['pt', 1, 225, 0, 0, 0]
['pt', 1, 240, 0, 0, 0]
['pt', 1, 255, 0, 0, 0]
['pt', 1, 270, 0, 0, 0]
['pt', 1, 285, 0, 0, 0]
['pt', 1, 0, 0, 0, 0]
['pt', 1, 15, 0, 0, 0]
['pt', 1, 30, 0, 0, 0]
['pt', 1, 45, 0, 0, 0]
['pt', 1, 60, 0, 0, 0]
['pt', 1, 75, 0, 0, 0]
['pt', 1, 90, 0, 0, 0]
['pt', 1, 105, 0, 0, 0]
['pt', 1, 180, 0, 0, 0]
['pt', 1, 195, 0, 0, 0]
['pt', 1, 210, 0, 0, 0]
['pt', 1, 225, 0, 0, 0]
['pt', 1, 240, 0, 0, 0]
['pt', 1, 255, 0, 0, 0]
['pt', 1, 270, 0, 0, 0]
['pt', 1, 285, 0, 0, 0]
['pt', 1, 0, 0, 0, 0]
['pt', 1, 15, 0, 0, 0]
['pt', 1, 30, 0, 0, 0]
['pt', 1, 45, 0, 0, 0]
['pt', 1, 60, 0, 0, 0]
['pt', 1, 75, 0, 0, 0]
['pt', 1, 90, 0, 0, 0]
['pt', 1, 105, 0, 0, 0]
['pt', 1, 180, 0, 0, 0]
['pt', 1, 195, 0, 0, 0]
['pt', 1, 210, 0, 0, 0]
['pt', 1, 225, 0, 0, 0]
['pt', 1, 240, 0, 0, 0]
['pt', 1, 255, 0, 0, 0]
['pt', 1, 270, 0, 0, 0]
['pt', 1, 285, 0, 0, 0]
['pt', 1, 0, 20, 20, 0]
['pt', 1, 15, 20, 20, 0]
['pt', 1, 30, 20, 20, 0, 'Y', 8]
['pt', 1, 0, 20, 20, 0]
['pt', 1, 0, 20, 20, 0]
['pt', 1, 0, 20, 20, 0]
['pt', 1, 0, 20, 20, 0]
['pt', 1, 0, 20, 20, 0]
['pt', 1, 0, 20, 20, 0]
['pt', 1, 0, 20, 20, 0]