
['pt', 20, 0, 20, 20, 0]
['pt', 20, 15, 20, 20, 0]
['pt', 20, 30, 20, 20, 0]
['pt', 20, 45, 20, 20, 0]
['pt', 20, 60, 20, 20, 0]
['pt', 20, 75, 20, 20, 0]
['pt', 20, 90, 20, 20, 0]
['pt', 20, 105, 20, 20, 0]
['pt', 20, 180, 20, 20, 0]
['pt', 20, 195, 20, 20, 0]
['pt', 20, 210, 20, 20, 0]
['pt', 20, 225, 20, 20, 0]
['pt', 20, 240, 20, 20, 0]
['pt', 20, 255, 20, 20, 0]
['pt', 20, 270, 20, 20, 0]
['pt', 20, 285, 20, 20, 0]
['pt', 20, 0, 0, 0, 0]
['pt', 20, 15, 0, 0, 0]
['pt', 20, 30, 0, 0, 0]
['pt', 20, 45, 0, 0, 0]
['pt', 20, 60, 0, 0, 0]
['pt', 20, 75, 0, 0, 0]
['pt', 20, 90, 0, 0, 0]
['pt', 20, 105, 0, 0, 0]
['pt', 20, 180, 0, 0, 0]
['pt', 20, 195, 0, 0, 0]
['pt', 20, 210, 0, 0, 0]
['pt', 20, 225, 0, 0, 0]
['pt', 20, 240, 0, 0, 0]
['pt', 20, 255, 0, 0, 0]
['pt', 20, 270, 0, 0, 0]
['pt', 20, 285, 0, 0, 0]
['pt', 20, 0, 0, 0, 0]
['pt', 20, 15, 0, 0, 0]
['pt', 20, 30, 0, 0, 0]
['pt', 20, 45, 0, 0, 0]
['pt', 20, 60, 0, 0, 0]
['pt', 20, 75, 0, 0, 0]
['pt', 20, 90, 0, 0, 0]
['pt', 20, 105, 0, 0, 0]
['pt', 20, 180, 0, 0, 0]
['pt', 20, 195, 0, 0, 0]
['pt', 20, 210, 0, 0, 0]
['pt', 20, 225, 0, 0, 0]
['pt', 20, 240, 0, 0, 0]
['pt', 20, 255, 0, 0, 0]
['pt', 20, 270, 0, 0, 0]
['pt', 20, 285, 0, 0, 0]
['pt', 20, 0, 0, 0, 0]
['pt', 20, 15, 0, 0, 0]
['pt', 20, 30, 0, 0, 0]
['pt', 20, 45, 0, 0, 0]
['pt', 20, 60, 0, 0, 0]
['pt', 20, 75, 0, 0, 0]
['pt', 20, 90, 0, 0, 0]
['pt', 20, 105, 0, 0, 0]
['pt', 20, 180, 0, 0, 0]
['pt', 20, 195, 0, 0, 0]
['pt', 20, 210, 0, 0, 0]
['pt', 20, 225, 0, 0, 0]
['pt', 20, 240, 0, 0, 0]
['pt', 20, 255, 0, 0, 0]
['pt', 20, 270, 0, 0, 0]
['pt', 20, 285, 0, 0, 0]
['pt', 20, 0, 0, 0, 0]
['pt', 20, 15, 0, 0, 0]
['pt', 20, 30, 0, 0, 0]
['pt', 20, 45, 0, 0, 0]
['pt', 20, 60, 0, 0, 0]
['pt', 20, 75, 0, 0, 0]
['pt', 20, 90, 0, 0, 0]
['pt', 20, 105, 0, 0, 0]
['pt', 20, 180, 0, 0, 0]
['pt', 20, 195, 0, 0, 0]
['pt', 20, 210, 0, 0, 0]
['pt', 20, 225, 0, 0, 0]
['pt', 20, 240, 0, 0, 0]
['pt', 20, 255, 0, 0, 0]
['pt', 20, 270, 0, 0, 0]
['pt', 20, 285, 0, 0, 0]
['pt', 20, 0, 20, 20, 0]