
['pt', 2, 0, 20, 19, 1]
['pt', 2, 0, 20, 19, 1]
['pt', 2, 0, 20, 19, 1]
['pt', 2, 15, 20, 20, 0]
['pt', 2, 30, 20, 20, 0]
['pt', 2, 0, 20, 19, 1]
['pt', 2, 15, 20, 20, 0]
['pt', 2, 30, 20, 20, 0]
['pt', 2, 45, 20, 20, 0]
['pt', 2, 60, 20, 20, 0]
['pt', 2, 0, 20, 19, 1]
['pt', 2, 15, 20, 20, 0]
['pt', 2, 30, 20, 20, 0]
['pt', 2, 45, 20, 20, 0]
['pt', 2, 60, 20, 20, 0]
['pt', 2, 0, 20, 19, 1]
['pt', 2, 0, 20, 19, 1]
['pt', 2, 15, 20, 20, 0]
['pt', 2, 30, 20, 20, 0]
['pt', 2, 0, 20, 19, 1]
['pt', 2, 15, 20, 20, 0]
['pt', 2, 30, 20, 20, 0]
['pt', 2, 45, 20, 20, 0]
['pt', 2, 60, 20, 20, 0]
['pt', 2, 75, 20, 20, 0]
['pt', 2, 90, 20, 20, 0]
['pt', 2, 105, 20, 20, 0]
['pt', 2, 180, 20, 20, 0]
['pt', 2, 195, 20, 20, 0]
['pt', 2, 210, 20, 20, 0]
['pt', 2, 225, 20, 20, 0]
['pt', 2, 240, 20, 20, 0]
['pt', 2, 255, 20, 20, 0]
['pt', 2, 270, 20, 20, 0]
['pt', 2, 285, 20, 20, 0]
['pt', 2, 0, 20, 19, 1]
['pt', 2, 15, 20, 20, 0]
['pt', 2, 30, 20, 20, 0]
['pt', 2, 45, 20, 20, 0]
['pt', 2, 60, 20, 20, 0]
['pt', 2, 75, 20, 20, 0]
['pt', 2, 90, 20, 20, 0]
['pt', 2, 105, 20, 20, 0]
['pt', 2, 180, 20, 20, 0]
['pt', 2, 195, 20, 20, 0]
['pt', 2, 210, 20, 20, 0]
['pt', 2, 225, 20, 20, 0]
['pt', 2, 240, 20, 20, 0]
['pt', 2, 255, 20, 20, 0]
['pt', 2, 270, 20, 20, 0]
['pt', 2, 285, 20, 20, 0]
['pt', 2, 0, 20, 19, 1]
['pt', 2, 15, 20, 20, 0]
['pt', 2, 30, 20, 20, 0]
['pt', 2, 0, 20, 19, 1]
['pt', 2, 15, 20, 20, 0]
['pt', 2, 0, 20, 19, 1]
['pt', 2, 0, 20, 19, 1]
['pt', 2, 15, 20, 20, 0]
['pt', 2, 30, 20, 20, 0]
['pt', 2, 45, 20, 20, 0]
['pt', 2, 60, 20, 20, 0]
['pt', 2, 75, 20, 20, 0]
['pt', 2, 90, 20, 20, 0]
['pt', 2, 105, 20, 20, 0]
['pt', 2, 180, 20, 20, 0]
['pt', 2, 195, 20, 20, 0]
['pt', 2, 210, 20, 20, 0]
['pt', 2, 225, 20, 20, 0]
['pt', 2, 240, 20, 20, 0]
['pt', 2, 255, 20, 20, 0]
['pt', 2, 270, 20, 20, 0]
['pt', 2, 285, 20, 20, 0]
['pt', 2, 0, 0, 0, 0]
['pt', 2, 15, 0, 0, 0]
['pt', 2, 30, 0, 0, 0]
['pt', 2, 45, 0, 0, 0]
['pt', 2, 60, 0, 0, 0]
['pt', 2, 75, 0, 0, 0]
['pt', 2, 90, 0, 0, 0]
['pt', 2, 105, 0, 0, 0]
['pt', 2, 180, 0, 0, 0]
['pt', 2, 195, 0, 0, 0]
['pt', 2, 210, 0, 0, 0]
['pt', 2, 225, 0, 0, 0]
['pt', 2, 240, 0, 0, 0]
['pt', 2, 255, 0, 0, 0]
['pt', 2, 270, 0, 0, 0]
['pt', 2, 285, 0, 0, 0]
['pt', 2, 0, 0, 0, 0]
['pt', 2, 15, 0, 0, 0]
['pt', 2, 30, 0, 0, 0]
['pt', 2, 45, 0, 0, 0]
['pt', 2, 60, 0, 0, 0]
['pt', 2, 75, 0, 0, 0]
['pt', 2, 90, 0, 0, 0]
['pt', 2, 105, 0, 0, 0]
['pt', 2, 180, 0, 0, 0]
['pt', 2, 195, 0, 0, 0]
['pt', 2, 210, 0, 0, 0]
['pt', 2, 225, 0, 0, 0]
['pt', 2, 240, 0, 0, 0]
['pt', 2, 255, 0, 0, 0]
['pt', 2, 270, 0, 0, 0]
['pt', 2, 285, 0, 0, 0]
['pt', 2, 0, 0, 0, 0]
['pt', 2, 15, 0, 0, 0]
['pt', 2, 30, 0, 0, 0]
['pt', 2, 45, 0, 0, 0]
['pt', 2, 60, 0, 0, 0]
['pt', 2, 75, 0, 0, 0]
['pt', 2, 90, 0, 0, 0]
['pt', 2, 105, 0, 0, 0]
['pt', 2, 180, 0, 0, 0]
['pt', 2, 195, 0, 0, 0]
['pt', 2, 210, 0, 0, 0]
['pt', 2, 225, 0, 0, 0]
['pt', 2, 240, 0, 0, 0]
['pt', 2, 255, 0, 0, 0]
['pt', 2, 270, 0, 0, 0]
['pt', 2, 285, 0, 0, 0]
['pt', 2, 0, 0, 0, 0]
['pt', 2, 15, 0, 0, 0]
['pt', 2, 30, 0, 0, 0]
['pt', 2, 45, 0, 0, 0]
['pt', 2, 60, 0, 0, 0]
['pt', 2, 75, 0, 0, 0]
['pt', 2, 90, 0, 0, 0]
['pt', 2, 105, 0, 0, 0]
['pt', 2, 180, 0, 0, 0]
['pt', 2, 195, 0, 0, 0]
['pt', 2, 210, 0, 0, 0]
['pt', 2, 225, 0, 0, 0]
['pt', 2, 240, 0, 0, 0]
['pt', 2, 255, 0, 0, 0]
['pt', 2, 270, 0, 0, 0]
['pt', 2, 285, 0, 0, 0]
['pt', 2, 0, 20, 19, 1]
['pt', 2, 0, 20, 19, 1]
['pt', 2, 0, 20, 19, 1]