
['pt', 3, 0, 20, 20, 0]
['pt', 3, 15, 20, 20, 0]
['pt', 3, 30, 20, 20, 0]
['pt', 3, 45, 20, 20, 0]
['pt', 3, 60, 20, 20, 0]
['pt', 3, 75, 20, 20, 0]
['pt', 3, 90, 20, 20, 0]
['pt', 3, 105, 20, 20, 0]
['pt', 3, 180, 20, 20, 0]
['pt', 3, 195, 20, 20, 0]
['pt', 3, 210, 20, 20, 0]
['pt', 3, 225, 20, 20, 0]
['pt', 3, 240, 20, 20, 0]
['pt', 3, 255, 20, 20, 0]
['pt', 3, 270, 20, 20, 0]
['pt', 3, 285, 20, 19, 1]
['pt', 3, 0, 20, 20, 0]
['pt', 3, 15, 20, 20, 0]
['pt', 3, 30, 20, 20, 0]
['pt', 3, 45, 20, 20, 0]
['pt', 3, 60, 20, 20, 0]
['pt', 3, 0, 20, 20, 0]
['pt', 3, 15, 20, 20, 0]
['pt', 3, 30, 20, 20, 0]
['pt', 3, 45, 20, 20, 0]
['pt', 3, 60, 20, 20, 0]
['pt', 3, 75, 20, 20, 0]
['pt', 3, 90, 20, 20, 0]
['pt', 3, 105, 20, 20, 0]
['pt', 3, 180, 20, 20, 0]
['pt', 3, 195, 20, 20, 0]
['pt', 3, 210, 20, 20, 0]
['pt', 3, 225, 20, 20, 0]
['pt', 3, 240, 20, 20, 0]
['pt', 3, 255, 20, 20, 0]
['pt', 3, 270, 20, 20, 0]
['pt', 3, 285, 20, 19, 1]
['pt', 3, 0, 0, 0, 0]
['pt', 3, 15, 0, 0, 0]
['pt', 3, 30, 0, 0, 0]
['pt', 3, 45, 0, 0, 0]
['pt', 3, 60, 0, 0, 0]
['pt', 3, 75, 0, 0, 0]
['pt', 3, 90, 0, 0, 0]
['pt', 3, 105, 0, 0, 0]
['pt', 3, 180, 0, 0, 0]
['pt', 3, 195, 0, 0, 0]
['pt', 3, 210, 0, 0, 0]
['pt', 3, 225, 0, 0, 0]
['pt', 3, 240, 0, 0, 0]
['pt', 3, 255, 0, 0, 0]
['pt', 3, 270, 0, 0, 0]
['pt', 3, 285, 0, 0, 0]
['pt', 3, 0, 0, 0, 0]
['pt', 3, 15, 0, 0, 0]
['pt', 3, 30, 0, 0, 0]
['pt', 3, 45, 0, 0, 0]
['pt', 3, 60, 0, 0, 0]
['pt', 3, 75, 0, 0, 0]
['pt', 3, 90, 0, 0, 0]
['pt', 3, 105, 0, 0, 0]
['pt', 3, 180, 0, 0, 0]
['pt', 3, 195, 0, 0, 0]
['pt', 3, 210, 0, 0, 0]
['pt', 3, 225, 0, 0, 0]
['pt', 3, 240, 0, 0, 0]
['pt', 3, 255, 0, 0, 0]
['pt', 3, 270, 0, 0, 0]
['pt', 3, 285, 0, 0, 0]
['pt', 3, 0, 0, 0, 0]
['pt', 3, 15, 0, 0, 0]
['pt', 3, 30, 0, 0, 0]
['pt', 3, 45, 0, 0, 0]
['pt', 3, 60, 0, 0, 0]
['pt', 3, 75, 0, 0, 0]
['pt', 3, 90, 0, 0, 0]
['pt', 3, 105, 0, 0, 0]
['pt', 3, 180, 0, 0, 0]
['pt', 3, 195, 0, 0, 0]
['pt', 3, 210, 0, 0, 0]
['pt', 3, 225, 0, 0, 0]
['pt', 3, 240, 0, 0, 0]
['pt', 3, 255, 0, 0, 0]
['pt', 3, 270, 0, 0, 0]
['pt', 3, 285, 0, 0, 0]
['pt', 3, 0, 0, 0, 0]
['pt', 3, 15, 0, 0, 0]
['pt', 3, 30, 0, 0, 0]
['pt', 3, 45, 0, 0, 0]
['pt', 3, 60, 0, 0, 0]
['pt', 3, 75, 0, 0, 0]
['pt', 3, 90, 0, 0, 0]
['pt', 3, 105, 0, 0, 0]
['pt', 3, 180, 0, 0, 0]
['pt', 3, 195, 0, 0, 0]
['pt', 3, 210, 0, 0, 0]
['pt', 3, 225, 0, 0, 0]
['pt', 3, 240, 0, 0, 0]
['pt', 3, 255, 0, 0, 0]
['pt', 3, 270, 0, 0, 0]
['pt', 3, 285, 0, 0, 0]
['pt', 3, 0, 20, 20, 0]
['pt', 3, 0, 20, 20, 0]