
['pt', 4, 0, 20, 20, 0]
['pt', 4, 15, 20, 20, 0]
['pt', 4, 30, 20, 20, 0]
['pt', 4, 45, 20, 20, 0]
['pt', 4, 60, 20, 20, 0]
['pt', 4, 75, 20, 20, 0]
['pt', 4, 90, 20, 20, 0]
['pt', 4, 105, 20, 20, 0]
['pt', 4, 180, 20, 20, 0]
['pt', 4, 195, 20, 20, 0]
['pt', 4, 210, 20, 20, 0]
['pt', 4, 225, 20, 20, 0]
['pt', 4, 240, 20, 20, 0]
['pt', 4, 255, 20, 19, 1]
['pt', 4, 270, 20, 20, 0]
['pt', 4, 285, 20, 18, 2]
['pt', 4, 0, 20, 20, 0]
['pt', 4, 15, 20, 20, 0]
['pt', 4, 30, 20, 20, 0]
['pt', 4, 45, 20, 20, 0]
['pt', 4, 60, 20, 20, 0]
['pt', 4, 75, 20, 20, 0]
['pt', 4, 90, 20, 20, 0]
['pt', 4, 105, 20, 20, 0]
['pt', 4, 180, 20, 20, 0]
['pt', 4, 195, 20, 20, 0]
['pt', 4, 210, 20, 20, 0]
['pt', 4, 225, 20, 20, 0]
['pt', 4, 240, 20, 20, 0]
['pt', 4, 255, 20, 19, 1]
['pt', 4, 270, 20, 20, 0]
['pt', 4, 285, 20, 18, 2]
['pt', 4, 0, 0, 0, 0]
['pt', 4, 15, 0, 0, 0]
['pt', 4, 30, 0, 0, 0]
['pt', 4, 45, 0, 0, 0]
['pt', 4, 60, 0, 0, 0]
['pt', 4, 75, 0, 0, 0]
['pt', 4, 90, 0, 0, 0]
['pt', 4, 105, 0, 0, 0]
['pt', 4, 180, 0, 0, 0]
['pt', 4, 195, 0, 0, 0]
['pt', 4, 210, 0, 0, 0]
['pt', 4, 225, 0, 0, 0]
['pt', 4, 240, 0, 0, 0]
['pt', 4, 255, 0, 0, 0]
['pt', 4, 270, 0, 0, 0]
['pt', 4, 285, 0, 0, 0]
['pt', 4, 0, 0, 0, 0]
['pt', 4, 15, 0, 0, 0]
['pt', 4, 30, 0, 0, 0]
['pt', 4, 45, 0, 0, 0]
['pt', 4, 60, 0, 0, 0]
['pt', 4, 75, 0, 0, 0]
['pt', 4, 90, 0, 0, 0]
['pt', 4, 105, 0, 0, 0]
['pt', 4, 180, 0, 0, 0]
['pt', 4, 195, 0, 0, 0]
['pt', 4, 210, 0, 0, 0]
['pt', 4, 225, 0, 0, 0]
['pt', 4, 240, 0, 0, 0]
['pt', 4, 255, 0, 0, 0]
['pt', 4, 270, 0, 0, 0]
['pt', 4, 285, 0, 0, 0]
['pt', 4, 0, 0, 0, 0]
['pt', 4, 15, 0, 0, 0]
['pt', 4, 30, 0, 0, 0]
['pt', 4, 45, 0, 0, 0]
['pt', 4, 60, 0, 0, 0]
['pt', 4, 75, 0, 0, 0]
['pt', 4, 90, 0, 0, 0]
['pt', 4, 105, 0, 0, 0]
['pt', 4, 180, 0, 0, 0]
['pt', 4, 195, 0, 0, 0]
['pt', 4, 210, 0, 0, 0]
['pt', 4, 225, 0, 0, 0]
['pt', 4, 240, 0, 0, 0]
['pt', 4, 255, 0, 0, 0]
['pt', 4, 270, 0, 0, 0]
['pt', 4, 285, 0, 0, 0]
['pt', 4, 0, 0, 0, 0]
['pt', 4, 15, 0, 0, 0]
['pt', 4, 30, 0, 0, 0]
['pt', 4, 45, 0, 0, 0]
['pt', 4, 60, 0, 0, 0]
['pt', 4, 75, 0, 0, 0]
['pt', 4, 90, 0, 0, 0]
['pt', 4, 105, 0, 0, 0]
['pt', 4, 180, 0, 0, 0]
['pt', 4, 195, 0, 0, 0]
['pt', 4, 210, 0, 0, 0]
['pt', 4, 225, 0, 0, 0]
['pt', 4, 240, 0, 0, 0]
['pt', 4, 255, 0, 0, 0]
['pt', 4, 270, 0, 0, 0]
['pt', 4, 285, 0, 0, 0]
['pt', 4, 0, 20, 20, 0]
['pt', 4, 0, 20, 20, 0]