
['pt', 5, 0, 20, 20, 0]
['pt', 5, 15, 20, 20, 0]
['pt', 5, 30, 20, 20, 0]
['pt', 5, 45, 20, 20, 0]
['pt', 5, 60, 20, 20, 0]
['pt', 5, 75, 20, 20, 0]
['pt', 5, 90, 20, 20, 0]
['pt', 5, 105, 20, 20, 0]
['pt', 5, 180, 20, 20, 0]
['pt', 5, 195, 20, 20, 0]
['pt', 5, 210, 20, 20, 0]
['pt', 5, 225, 20, 20, 0]
['pt', 5, 240, 20, 20, 0]
['pt', 5, 255, 20, 20, 0]
['pt', 5, 270, 20, 20, 0]
['pt', 5, 285, 20, 20, 0]
['pt', 5, 0, 20, 20, 0]
['pt', 5, 15, 20, 20, 0]
['pt', 5, 30, 20, 20, 0]
['pt', 5, 45, 20, 20, 0]
['pt', 5, 60, 20, 20, 0]
['pt', 5, 75, 20, 20, 0]
['pt', 5, 90, 20, 20, 0]
['pt', 5, 105, 20, 20, 0]
['pt', 5, 180, 20, 20, 0]
['pt', 5, 195, 20, 20, 0]
['pt', 5, 210, 20, 20, 0]
['pt', 5, 225, 20, 20, 0]
['pt', 5, 240, 20, 20, 0]
['pt', 5, 255, 20, 20, 0]
['pt', 5, 270, 20, 20, 0]
['pt', 5, 285, 20, 20, 0]
['pt', 5, 0, 0, 0, 0]
['pt', 5, 15, 0, 0, 0]
['pt', 5, 30, 0, 0, 0]
['pt', 5, 45, 0, 0, 0]
['pt', 5, 60, 0, 0, 0]
['pt', 5, 75, 0, 0, 0]
['pt', 5, 90, 0, 0, 0]
['pt', 5, 105, 0, 0, 0]
['pt', 5, 180, 0, 0, 0]
['pt', 5, 195, 0, 0, 0]
['pt', 5, 210, 0, 0, 0]
['pt', 5, 225, 0, 0, 0]
['pt', 5, 240, 0, 0, 0]
['pt', 5, 255, 0, 0, 0]
['pt', 5, 270, 0, 0, 0]
['pt', 5, 285, 0, 0, 0]
['pt', 5, 0, 0, 0, 0]
['pt', 5, 15, 0, 0, 0]
['pt', 5, 30, 0, 0, 0]
['pt', 5, 45, 0, 0, 0]
['pt', 5, 60, 0, 0, 0]
['pt', 5, 75, 0, 0, 0]
['pt', 5, 90, 0, 0, 0]
['pt', 5, 105, 0, 0, 0]
['pt', 5, 180, 0, 0, 0]
['pt', 5, 195, 0, 0, 0]
['pt', 5, 210, 0, 0, 0]
['pt', 5, 225, 0, 0, 0]
['pt', 5, 240, 0, 0, 0]
['pt', 5, 255, 0, 0, 0]
['pt', 5, 270, 0, 0, 0]
['pt', 5, 285, 0, 0, 0]
['pt', 5, 0, 0, 0, 0]
['pt', 5, 15, 0, 0, 0]
['pt', 5, 30, 0, 0, 0]
['pt', 5, 45, 0, 0, 0]
['pt', 5, 60, 0, 0, 0]
['pt', 5, 75, 0, 0, 0]
['pt', 5, 90, 0, 0, 0]
['pt', 5, 105, 0, 0, 0]
['pt', 5, 180, 0, 0, 0]
['pt', 5, 195, 0, 0, 0]
['pt', 5, 210, 0, 0, 0]
['pt', 5, 225, 0, 0, 0]
['pt', 5, 240, 0, 0, 0]
['pt', 5, 255, 0, 0, 0]
['pt', 5, 270, 0, 0, 0]
['pt', 5, 285, 0, 0, 0]
['pt', 5, 0, 0, 0, 0]
['pt', 5, 15, 0, 0, 0]
['pt', 5, 30, 0, 0, 0]
['pt', 5, 45, 0, 0, 0]
['pt', 5, 60, 0, 0, 0]
['pt', 5, 75, 0, 0, 0]
['pt', 5, 90, 0, 0, 0]
['pt', 5, 105, 0, 0, 0]
['pt', 5, 180, 0, 0, 0]
['pt', 5, 195, 0, 0, 0]
['pt', 5, 210, 0, 0, 0]
['pt', 5, 225, 0, 0, 0]
['pt', 5, 240, 0, 0, 0]
['pt', 5, 255, 0, 0, 0]
['pt', 5, 270, 0, 0, 0]
['pt', 5, 285, 0, 0, 0]
['pt', 5, 0, 20, 20, 0]
['pt', 5, 0, 20, 20, 0]