
['pt', 6, 0, 20, 20, 0]
['pt', 6, 15, 20, 20, 0]
['pt', 6, 30, 20, 20, 0]
['pt', 6, 45, 20, 20, 0]
['pt', 6, 60, 20, 20, 0]
['pt', 6, 75, 20, 20, 0]
['pt', 6, 90, 20, 20, 0]
['pt', 6, 105, 20, 20, 0]
['pt', 6, 180, 20, 20, 0]
['pt', 6, 195, 20, 20, 0]
['pt', 6, 210, 20, 20, 0]
['pt', 6, 225, 20, 20, 0]
['pt', 6, 240, 20, 20, 0]
['pt', 6, 255, 20, 20, 0]
['pt', 6, 270, 20, 20, 0]
['pt', 6, 285, 20, 20, 0]
['pt', 6, 0, 20, 20, 0]
['pt', 6, 15, 20, 20, 0]
['pt', 6, 30, 20, 20, 0]
['pt', 6, 45, 20, 20, 0]
['pt', 6, 60, 20, 20, 0]
['pt', 6, 75, 20, 20, 0]
['pt', 6, 90, 20, 20, 0]
['pt', 6, 105, 20, 20, 0]
['pt', 6, 180, 20, 20, 0]
['pt', 6, 195, 20, 20, 0]
['pt', 6, 210, 20, 20, 0]
['pt', 6, 225, 20, 20, 0]
['pt', 6, 240, 20, 20, 0]
['pt', 6, 255, 20, 20, 0]
['pt', 6, 270, 20, 20, 0]
['pt', 6, 285, 20, 20, 0]
['pt', 6, 0, 0, 0, 0]
['pt', 6, 15, 0, 0, 0]
['pt', 6, 30, 0, 0, 0]
['pt', 6, 45, 0, 0, 0]
['pt', 6, 60, 0, 0, 0]
['pt', 6, 75, 0, 0, 0]
['pt', 6, 90, 0, 0, 0]
['pt', 6, 105, 0, 0, 0]
['pt', 6, 180, 0, 0, 0]
['pt', 6, 195, 0, 0, 0]
['pt', 6, 210, 0, 0, 0]
['pt', 6, 225, 0, 0, 0]
['pt', 6, 240, 0, 0, 0]
['pt', 6, 255, 0, 0, 0]
['pt', 6, 270, 0, 0, 0]
['pt', 6, 285, 0, 0, 0]
['pt', 6, 0, 0, 0, 0]
['pt', 6, 15, 0, 0, 0]
['pt', 6, 30, 0, 0, 0]
['pt', 6, 45, 0, 0, 0]
['pt', 6, 60, 0, 0, 0]
['pt', 6, 75, 0, 0, 0]
['pt', 6, 90, 0, 0, 0]
['pt', 6, 105, 0, 0, 0]
['pt', 6, 180, 0, 0, 0]
['pt', 6, 195, 0, 0, 0]
['pt', 6, 210, 0, 0, 0]
['pt', 6, 225, 0, 0, 0]
['pt', 6, 240, 0, 0, 0]
['pt', 6, 255, 0, 0, 0]
['pt', 6, 270, 0, 0, 0]
['pt', 6, 285, 0, 0, 0]
['pt', 6, 0, 0, 0, 0]
['pt', 6, 15, 0, 0, 0]
['pt', 6, 30, 0, 0, 0]
['pt', 6, 45, 0, 0, 0]
['pt', 6, 60, 0, 0, 0]
['pt', 6, 75, 0, 0, 0]
['pt', 6, 90, 0, 0, 0]
['pt', 6, 105, 0, 0, 0]
['pt', 6, 180, 0, 0, 0]
['pt', 6, 195, 0, 0, 0]
['pt', 6, 210, 0, 0, 0]
['pt', 6, 225, 0, 0, 0]
['pt', 6, 240, 0, 0, 0]
['pt', 6, 255, 0, 0, 0]
['pt', 6, 270, 0, 0, 0]
['pt', 6, 285, 0, 0, 0]
['pt', 6, 0, 0, 0, 0]
['pt', 6, 15, 0, 0, 0]
['pt', 6, 30, 0, 0, 0]
['pt', 6, 45, 0, 0, 0]
['pt', 6, 60, 0, 0, 0]
['pt', 6, 75, 0, 0, 0]
['pt', 6, 90, 0, 0, 0]
['pt', 6, 105, 0, 0, 0]
['pt', 6, 180, 0, 0, 0]
['pt', 6, 195, 0, 0, 0]
['pt', 6, 210, 0, 0, 0]
['pt', 6, 225, 0, 0, 0]
['pt', 6, 240, 0, 0, 0]
['pt', 6, 255, 0, 0, 0]
['pt', 6, 270, 0, 0, 0]
['pt', 6, 285, 0, 0, 0]
['pt', 6, 0, 20, 20, 0]
['pt', 6, 0, 20, 20, 0]