
['pt', 7, 0, 20, 20, 0]
['pt', 7, 15, 20, 20, 0]
['pt', 7, 30, 20, 20, 0]
['pt', 7, 45, 20, 20, 0]
['pt', 7, 60, 20, 20, 0]
['pt', 7, 75, 20, 20, 0]
['pt', 7, 90, 20, 20, 0]
['pt', 7, 105, 20, 19, 1]
['pt', 7, 180, 20, 20, 0]
['pt', 7, 195, 20, 20, 0]
['pt', 7, 210, 20, 20, 0]
['pt', 7, 225, 20, 20, 0]
['pt', 7, 240, 20, 20, 0]
['pt', 7, 255, 20, 20, 0]
['pt', 7, 270, 20, 20, 0]
['pt', 7, 285, 20, 20, 0]
['pt', 7, 0, 20, 20, 0]
['pt', 7, 15, 20, 20, 0]
['pt', 7, 30, 20, 20, 0]
['pt', 7, 45, 20, 20, 0]
['pt', 7, 60, 20, 20, 0]
['pt', 7, 75, 20, 20, 0]
['pt', 7, 90, 20, 20, 0]
['pt', 7, 105, 20, 19, 1]
['pt', 7, 180, 20, 20, 0]
['pt', 7, 195, 20, 20, 0]
['pt', 7, 210, 20, 20, 0]
['pt', 7, 225, 20, 20, 0]
['pt', 7, 240, 20, 20, 0]
['pt', 7, 255, 20, 20, 0]
['pt', 7, 270, 20, 20, 0]
['pt', 7, 285, 20, 20, 0]
['pt', 7, 0, 0, 0, 0]
['pt', 7, 15, 0, 0, 0]
['pt', 7, 30, 0, 0, 0]
['pt', 7, 45, 0, 0, 0]
['pt', 7, 60, 0, 0, 0]
['pt', 7, 75, 0, 0, 0]
['pt', 7, 90, 0, 0, 0]
['pt', 7, 105, 0, 0, 0]
['pt', 7, 180, 0, 0, 0]
['pt', 7, 195, 0, 0, 0]
['pt', 7, 210, 0, 0, 0]
['pt', 7, 225, 0, 0, 0]
['pt', 7, 240, 0, 0, 0]
['pt', 7, 255, 0, 0, 0]
['pt', 7, 270, 0, 0, 0]
['pt', 7, 285, 0, 0, 0]
['pt', 7, 0, 0, 0, 0]
['pt', 7, 15, 0, 0, 0]
['pt', 7, 30, 0, 0, 0]
['pt', 7, 45, 0, 0, 0]
['pt', 7, 60, 0, 0, 0]
['pt', 7, 75, 0, 0, 0]
['pt', 7, 90, 0, 0, 0]
['pt', 7, 105, 0, 0, 0]
['pt', 7, 180, 0, 0, 0]
['pt', 7, 195, 0, 0, 0]
['pt', 7, 210, 0, 0, 0]
['pt', 7, 225, 0, 0, 0]
['pt', 7, 240, 0, 0, 0]
['pt', 7, 255, 0, 0, 0]
['pt', 7, 270, 0, 0, 0]
['pt', 7, 285, 0, 0, 0]
['pt', 7, 0, 0, 0, 0]
['pt', 7, 15, 0, 0, 0]
['pt', 7, 30, 0, 0, 0]
['pt', 7, 45, 0, 0, 0]
['pt', 7, 60, 0, 0, 0]
['pt', 7, 75, 0, 0, 0]
['pt', 7, 90, 0, 0, 0]
['pt', 7, 105, 0, 0, 0]
['pt', 7, 180, 0, 0, 0]
['pt', 7, 195, 0, 0, 0]
['pt', 7, 210, 0, 0, 0]
['pt', 7, 225, 0, 0, 0]
['pt', 7, 240, 0, 0, 0]
['pt', 7, 255, 0, 0, 0]
['pt', 7, 270, 0, 0, 0]
['pt', 7, 285, 0, 0, 0]
['pt', 7, 0, 0, 0, 0]
['pt', 7, 15, 0, 0, 0]
['pt', 7, 30, 0, 0, 0]
['pt', 7, 45, 0, 0, 0]
['pt', 7, 60, 0, 0, 0]
['pt', 7, 75, 0, 0, 0]
['pt', 7, 90, 0, 0, 0]
['pt', 7, 105, 0, 0, 0]
['pt', 7, 180, 0, 0, 0]
['pt', 7, 195, 0, 0, 0]
['pt', 7, 210, 0, 0, 0]
['pt', 7, 225, 0, 0, 0]
['pt', 7, 240, 0, 0, 0]
['pt', 7, 255, 0, 0, 0]
['pt', 7, 270, 0, 0, 0]
['pt', 7, 285, 0, 0, 0]
['pt', 7, 0, 20, 20, 0]