
['pt', 8, 0, 20, 20, 0]
['pt', 8, 15, 20, 20, 0]
['pt', 8, 30, 20, 20, 0]
['pt', 8, 45, 20, 20, 0]
['pt', 8, 60, 20, 20, 0]
['pt', 8, 75, 20, 20, 0]
['pt', 8, 90, 20, 20, 0]
['pt', 8, 105, 20, 20, 0]
['pt', 8, 180, 20, 20, 0]
['pt', 8, 195, 20, 20, 0, 'Y', 10]
['pt', 8, 210, 20, 20, 0]
['pt', 8, 0, 20, 20, 0]
['pt', 8, 15, 20, 20, 0]
['pt', 8, 30, 20, 20, 0]
['pt', 8, 45, 20, 20, 0]
['pt', 8, 60, 20, 20, 0]
['pt', 8, 75, 20, 20, 0]
['pt', 8, 90, 20, 20, 0]
['pt', 8, 105, 20, 20, 0]
['pt', 8, 180, 20, 20, 0]
['pt', 8, 195, 20, 20, 0, 'Y', 10]
['pt', 8, 210, 20, 20, 0]
['pt', 8, 225, 20, 20, 0]
['pt', 8, 240, 20, 20, 0]
['pt', 8, 255, 20, 19, 1]
['pt', 8, 270, 20, 20, 0]
['pt', 8, 285, 20, 20, 0]
['pt', 8, 0, 0, 0, 0]
['pt', 8, 15, 0, 0, 0]
['pt', 8, 30, 0, 0, 0]
['pt', 8, 45, 0, 0, 0]
['pt', 8, 60, 0, 0, 0]
['pt', 8, 75, 0, 0, 0]
['pt', 8, 90, 0, 0, 0]
['pt', 8, 105, 0, 0, 0]
['pt', 8, 180, 0, 0, 0]
['pt', 8, 195, 0, 0, 0]
['pt', 8, 210, 0, 0, 0]
['pt', 8, 225, 0, 0, 0]
['pt', 8, 240, 0, 0, 0]
['pt', 8, 255, 0, 0, 0]
['pt', 8, 270, 0, 0, 0]
['pt', 8, 285, 0, 0, 0]
['pt', 8, 0, 0, 0, 0]
['pt', 8, 15, 0, 0, 0]
['pt', 8, 30, 0, 0, 0]
['pt', 8, 45, 0, 0, 0]
['pt', 8, 60, 0, 0, 0]
['pt', 8, 75, 0, 0, 0]
['pt', 8, 90, 0, 0, 0]
['pt', 8, 105, 0, 0, 0]
['pt', 8, 180, 0, 0, 0]
['pt', 8, 195, 0, 0, 0]
['pt', 8, 210, 0, 0, 0]
['pt', 8, 225, 0, 0, 0]
['pt', 8, 240, 0, 0, 0]
['pt', 8, 255, 0, 0, 0]
['pt', 8, 270, 0, 0, 0]
['pt', 8, 285, 0, 0, 0]
['pt', 8, 0, 0, 0, 0]
['pt', 8, 15, 0, 0, 0]
['pt', 8, 30, 0, 0, 0]
['pt', 8, 45, 0, 0, 0]
['pt', 8, 60, 0, 0, 0]
['pt', 8, 75, 0, 0, 0]
['pt', 8, 90, 0, 0, 0]
['pt', 8, 105, 0, 0, 0]
['pt', 8, 180, 0, 0, 0]
['pt', 8, 195, 0, 0, 0]
['pt', 8, 210, 0, 0, 0]
['pt', 8, 225, 0, 0, 0]
['pt', 8, 240, 0, 0, 0]
['pt', 8, 255, 0, 0, 0]
['pt', 8, 270, 0, 0, 0]
['pt', 8, 285, 0, 0, 0]
['pt', 8, 0, 0, 0, 0]
['pt', 8, 15, 0, 0, 0]
['pt', 8, 30, 0, 0, 0]
['pt', 8, 45, 0, 0, 0]
['pt', 8, 60, 0, 0, 0]
['pt', 8, 75, 0, 0, 0]
['pt', 8, 90, 0, 0, 0]
['pt', 8, 105, 0, 0, 0]
['pt', 8, 180, 0, 0, 0]
['pt', 8, 195, 0, 0, 0]
['pt', 8, 210, 0, 0, 0]
['pt', 8, 225, 0, 0, 0]
['pt', 8, 240, 0, 0, 0]
['pt', 8, 255, 0, 0, 0]
['pt', 8, 270, 0, 0, 0]
['pt', 8, 285, 0, 0, 0]
['pt', 8, 0, 20, 20, 0]