
['pt', 9, 0, 20, 20, 0]
['pt', 9, 15, 20, 20, 0]
['pt', 9, 30, 20, 20, 0]
['pt', 9, 45, 20, 20, 0]
['pt', 9, 60, 20, 20, 0]
['pt', 9, 75, 20, 20, 0]
['pt', 9, 90, 20, 20, 0]
['pt', 9, 105, 20, 20, 0]
['pt', 9, 180, 20, 20, 0]
['pt', 9, 195, 20, 20, 0]
['pt', 9, 210, 20, 20, 0]
['pt', 9, 225, 20, 20, 0]
['pt', 9, 240, 20, 20, 0]
['pt', 9, 255, 20, 20, 0]
['pt', 9, 270, 20, 20, 0]
['pt', 9, 285, 20, 20, 0]
['pt', 9, 0, 0, 0, 0]
['pt', 9, 15, 0, 0, 0]
['pt', 9, 30, 0, 0, 0]
['pt', 9, 45, 0, 0, 0]
['pt', 9, 60, 0, 0, 0]
['pt', 9, 75, 0, 0, 0]
['pt', 9, 90, 0, 0, 0]
['pt', 9, 105, 0, 0, 0]
['pt', 9, 180, 0, 0, 0]
['pt', 9, 195, 0, 0, 0]
['pt', 9, 210, 0, 0, 0]
['pt', 9, 225, 0, 0, 0]
['pt', 9, 240, 0, 0, 0]
['pt', 9, 255, 0, 0, 0]
['pt', 9, 270, 0, 0, 0]
['pt', 9, 285, 0, 0, 0]
['pt', 9, 0, 0, 0, 0]
['pt', 9, 15, 0, 0, 0]
['pt', 9, 30, 0, 0, 0]
['pt', 9, 45, 0, 0, 0]
['pt', 9, 60, 0, 0, 0]
['pt', 9, 75, 0, 0, 0]
['pt', 9, 90, 0, 0, 0]
['pt', 9, 105, 0, 0, 0]
['pt', 9, 180, 0, 0, 0]
['pt', 9, 195, 0, 0, 0]
['pt', 9, 210, 0, 0, 0]
['pt', 9, 225, 0, 0, 0]
['pt', 9, 240, 0, 0, 0]
['pt', 9, 255, 0, 0, 0]
['pt', 9, 270, 0, 0, 0]
['pt', 9, 285, 0, 0, 0]
['pt', 9, 0, 0, 0, 0]
['pt', 9, 15, 0, 0, 0]
['pt', 9, 30, 0, 0, 0]
['pt', 9, 45, 0, 0, 0]
['pt', 9, 60, 0, 0, 0]
['pt', 9, 75, 0, 0, 0]
['pt', 9, 90, 0, 0, 0]
['pt', 9, 105, 0, 0, 0]
['pt', 9, 180, 0, 0, 0]
['pt', 9, 195, 0, 0, 0]
['pt', 9, 210, 0, 0, 0]
['pt', 9, 225, 0, 0, 0]
['pt', 9, 240, 0, 0, 0]
['pt', 9, 255, 0, 0, 0]
['pt', 9, 270, 0, 0, 0]
['pt', 9, 285, 0, 0, 0]
['pt', 9, 0, 0, 0, 0]
['pt', 9, 15, 0, 0, 0]
['pt', 9, 30, 0, 0, 0]
['pt', 9, 45, 0, 0, 0]
['pt', 9, 60, 0, 0, 0]
['pt', 9, 75, 0, 0, 0]
['pt', 9, 90, 0, 0, 0]
['pt', 9, 105, 0, 0, 0]
['pt', 9, 180, 0, 0, 0]
['pt', 9, 195, 0, 0, 0]
['pt', 9, 210, 0, 0, 0]
['pt', 9, 225, 0, 0, 0]
['pt', 9, 240, 0, 0, 0]
['pt', 9, 255, 0, 0, 0]
['pt', 9, 270, 0, 0, 0]
['pt', 9, 285, 0, 0, 0]
['pt', 9, 0, 20, 20, 0]